0.00 56.04 85.15 107.30 96.18 40.16 47.54 89.96 107.42 100.09 91.20 66.03 26.83 61.85 96.51 13.60 25.50 106.79 44.10 86.28 17.12 110.11 63.81 75.59 88.12 26.40 44.29 73.33 97.45 12.53 16.12 119.40
56.04 0.00 39.01 51.62 42.54 45.71 36.77 36.35 52.00 47.27 58.90 58.82 34.93 21.95 51.24 43.42 41.59 52.20 44.64 41.00 68.59 54.08 8.25 36.69 44.78 60.90 13.04 36.80 41.73 43.60 50.60 63.41
85.15 39.01 0.00 36.12 20.10 84.48 43.01 48.80 50.70 57.20 88.68 49.25 58.60 23.32 72.25 71.56 62.29 30.15 51.62 2.24 100.72 44.91 37.66 12.65 69.63 97.08 50.64 69.08 30.68 74.30 73.66 49.00
107.30 51.62 36.12 0.00 16.03 92.66 74.33 31.02 19.42 32.57 74.43 85.02 83.53 50.92 52.39 94.20 89.07 8.49 83.52 37.34 120.21 10.00 44.69 48.01 54.15 111.40 64.38 61.81 9.90 95.02 99.64 13.34
96.18 42.54 20.10 16.03 0.00 86.98 59.62 35.34 31.91 41.23 78.75 69.07 71.06 36.72 59.06 82.73 76.03 11.18 68.71 21.38 110.26 25.00 37.34 32.06 58.52 103.45 55.57 62.29 12.04 84.29 87.01 29.07
40.16 45.71 84.48 92.66 86.98 0.00 64.47 66.60 85.80 74.33 53.46 88.55 45.22 64.07 64.41 38.42 50.33 95.34 66.89 86.37 40.20 91.84 49.65 80.06 55.95 23.41 34.01 40.31 83.19 33.02 49.41 102.08
47.54 36.77 43.01 74.33 59.62 64.47 0.00 70.58 82.22 81.50 94.58 24.41 22.00 23.54 87.92 35.23 22.14 70.77 9.22 43.42 64.54 80.60 43.68 31.14 81.54 67.12 36.80 72.40 65.73 40.01 33.11 87.64
89.96 36.35 48.80 31.02 35.34 66.60 70.58 0.00 19.21 11.00 43.93 88.87 71.20 49.04 23.85 78.43 77.93 37.34 79.31 50.91 99.86 26.57 28.16 55.76 23.54 87.86 45.88 31.32 24.74 77.47 86.59 36.77
107.42 52.00 50.70 19.42 31.91 85.80 82.22 19.21 0.00 15.03 58.08 97.02 86.65 59.01 35.01 95.27 93.01 27.80 91.35 52.39 118.22 10.44 43.86 60.88 38.64 106.83 63.13 49.66 20.12 94.89 102.53 19.10
100.09 47.27 57.20 32.57 41.23 74.33 81.50 11.00 15.03 0.00 43.05 99.33 82.04 59.67 20.10 88.89 88.81 40.31 90.27 59.20 109.27 25.08 39.12 65.30 23.77 96.40 56.32 36.06 29.41 87.66 97.29 34.13
91.20 58.90 88.68 74.43 78.75 53.46 94.58 43.93 58.08 43.05 0.00 117.61 84.50 79.91 23.35 84.72 91.42 81.22 101.21 90.92 93.65 68.00 54.49 92.01 20.40 76.49 58.59 22.20 68.66 80.89 95.57 77.16
66.03 58.82 49.25 85.02 69.07 88.55 24.41 88.87 97.02 99.33 117.61 0.00 44.27 39.92 108.67 55.90 41.59 79.40 22.56 48.51 83.00 93.09 64.50 37.01 103.08 88.84 60.88 95.43 78.16 61.39 50.00 98.13
26.83 34.93 58.60 83.53 71.06 45.22 22.00 71.20 86.65 82.04 84.50 44.27 0.00 35.47 83.29 13.60 7.07 82.01 21.93 59.64 43.32 87.66 43.17 48.76 75.66 45.18 27.17 63.32 73.93 18.03 16.12 96.25
61.85 21.95 23.32 50.92 36.72 64.07 23.54 49.04 59.01 59.67 79.91 39.92 35.47 0.00 68.96 48.26 39.70 47.89 32.76 24.60 77.41 57.07 25.50 16.00 63.82 74.46 30.27 58.14 42.20 51.00 50.93 64.20
96.51 51.24 72.25 52.39 59.06 64.41 87.92 23.85 35.01 20.10 23.35 108.67 83.29 68.96 0.00 87.21 90.35 59.77 95.88 74.41 102.79 45.18 44.38 78.10 8.54 87.66 56.14 24.17 47.93 84.72 97.01 54.01
13.60 43.42 71.56 94.20 82.73 38.42 35.23 78.43 95.27 88.89 84.72 55.90 13.60 48.26 87.21 0.00 14.32 93.43 33.38 72.72 29.73 97.42 51.43 62.17 79.06 32.98 32.57 65.12 84.40 5.83 11.18 106.51
25.50 41.59 62.29 89.07 76.03 50.33 22.14 77.93 93.01 88.81 91.42 41.59 7.07 39.70 90.35 14.32 0.00 87.09 19.10 63.13 42.58 93.62 49.82 51.61 82.73 47.30 34.23 70.34 79.61 19.92 11.40 101.97
106.79 52.20 30.15 8.49 11.18 95.34 70.77 37.34 27.80 40.31 81.22 79.40 82.01 47.89 59.77 93.43 87.09 0.00 79.85 31.02 120.51 18.44 46.14 42.58 60.83 112.90 65.22 67.12 13.04 94.76 98.01 19.24
44.10 44.64 51.62 83.52 68.71 66.89 9.22 79.31 91.35 90.27 101.21 22.56 21.93 32.76 95.88 33.38 19.10 79.85 0.00 51.87 61.20 89.82 51.97 39.41 89.20 66.29 42.72 79.18 74.95 38.83 28.44 96.84
86.28 41.00 2.24 37.34 21.38 86.37 43.42 50.91 52.39 59.20 90.92 48.51 59.64 24.60 74.41 72.72 63.13 31.02 51.87 0.00 102.00 46.32 39.81 12.53 71.85 98.67 52.47 71.31 32.31 75.59 74.52 50.04
17.12 68.59 100.72 120.21 110.26 40.20 64.54 99.86 118.22 109.27 93.65 83.00 43.32 77.41 102.79 29.73 42.58 120.51 61.20 102.00 0.00 122.02 75.74 91.79 94.24 18.44 55.90 78.75 110.31 26.42 33.00 131.71
110.11 54.08 44.91 10.00 25.00 91.84 80.60 26.57 10.44 25.08 68.00 93.09 87.66 57.07 45.18 97.42 93.62 18.44 89.82 46.32 122.02 0.00 46.40 56.22 48.17 111.87 66.22 57.87 15.03 97.65 103.75 10.30
63.81 8.25 37.66 44.69 37.34 49.65 43.68 28.16 43.86 39.12 54.49 64.50 43.17 25.50 44.38 51.43 49.82 46.14 51.97 39.81 75.74 46.40 0.00 38.08 38.59 66.85 19.85 33.02 34.83 51.31 58.82 55.97
75.59 36.69 12.65 48.01 32.06 80.06 31.14 55.76 60.88 65.30 92.01 37.01 48.76 16.00 78.10 62.17 51.61 42.58 39.41 12.53 91.79 56.22 38.08 0.00 74.25 90.03 46.17 71.02 41.44 65.55 63.01 61.13
88.12 44.78 69.63 54.15 58.52 55.95 81.54 23.54 38.64 23.77 20.40 103.08 75.66 63.82 8.54 79.06 82.73 60.83 89.20 71.85 94.24 48.17 38.59 74.25 0.00 79.16 48.51 15.65 48.27 76.42 89.02 57.71
26.40 60.90 97.08 111.40 103.45 23.41 67.12 87.86 106.83 96.40 76.49 88.84 45.18 74.46 87.66 32.98 47.30 112.90 66.29 98.67 18.44 111.87 66.85 90.03 79.16 0.00 47.89 63.51 101.61 27.46 41.15 121.92
44.29 13.04 50.64 64.38 55.57 34.01 36.80 45.88 63.13 56.32 58.59 60.88 27.17 30.27 56.14 32.57 34.23 65.22 42.72 52.47 55.90 66.22 19.85 46.17 48.51 47.89 0.00 36.77 54.49 31.76 41.30 75.82
73.33 36.80 69.08 61.81 62.29 40.31 72.40 31.32 49.66 36.06 22.20 95.43 63.32 58.14 24.17 65.12 70.34 67.12 79.18 71.31 78.75 57.87 33.02 71.02 15.65 63.51 36.77 0.00 54.08 62.01 75.54 68.01
97.45 41.73 30.68 9.90 12.04 83.19 65.73 24.74 20.12 29.41 68.66 78.16 73.93 42.20 47.93 84.40 79.61 13.04 74.95 32.31 110.31 15.03 34.83 41.44 48.27 101.61 54.49 54.08 0.00 85.15 90.05 22.36
12.53 43.60 74.30 95.02 84.29 33.02 40.01 77.47 94.89 87.66 80.89 61.39 18.03 51.00 84.72 5.83 19.92 94.76 38.83 75.59 26.42 97.65 51.31 65.55 76.42 27.46 31.76 62.01 85.15 0.00 16.40 107.00
16.12 50.60 73.66 99.64 87.01 49.41 33.11 86.59 102.53 97.29 95.57 50.00 16.12 50.93 97.01 11.18 11.40 98.01 28.44 74.52 33.00 103.75 58.82 63.01 89.02 41.15 41.30 75.54 90.05 16.40 0.00 112.38
119.40 63.41 49.00 13.34 29.07 102.08 87.64 36.77 19.10 34.13 77.16 98.13 96.25 64.20 54.01 106.51 101.97 19.24 96.84 50.04 131.71 10.30 55.97 61.13 57.71 121.92 75.82 68.01 22.36 107.00 112.38 0.00